DURACAO;AVL EIXO X;AVL EIXO Y;AVL EIXO Z
0;0.029;-0.004;-0.002
20;0.029;-0.004;-0.002
60;0.029;-0.004;-0.002
100;0.078;0.006;-0.013
140;0.083;0.031;-0.004
180;0.073;0.071;0.004
220;0.070;0.086;0.024
260;0.081;0.071;0.038
300;0.081;0.034;0.028
340;0.097;0.004;0.014
380;0.137;-0.038;0.032
420;0.101;-0.080;0.002
440;0.097;-0.083;-0.007
480;0.101;-0.024;0.045
520;0.093;0.025;0.057
560;0.078;0.016;0.010
600;0.071;-0.021;-0.001
640;0.089;-0.029;0.019
680;0.072;-0.004;0.005
720;0.084;-0.004;-0.019
760;0.094;-0.013;-0.027
800;0.078;0.001;-0.012
840;0.075;-0.031;-0.004
880;0.045;-0.084;-0.016
920;0.034;-0.052;-0.039
960;0.005;-0.016;-0.037
1000;-0.023;-0.075;-0.026
1040;-0.067;-0.064;-0.052
1080;-0.063;-0.023;-0.035
1100;-0.052;-0.007;-0.016
1140;-0.013;-0.027;-0.007
1180;0.010;-0.036;-0.038
1220;0.027;-0.022;-0.037
1260;0.032;-0.023;-0.007
1280;0.029;-0.026;0.001
1320;0.021;-0.025;-0.007
1340;0.021;-0.014;-0.016
1380;0.013;-0.015;-0.012
1420;0.010;-0.015;0.001
1460;0.012;-0.002;-0.001
1500;0.015;0.012;-0.002
1540;0.021;0.010;0.004
1580;0.020;0.012;0.004
1620;0.012;0.010;0.005
1660;0.005;0.013;0.006
1700;0.014;0.013;0.006
1740;0.007;0.026;0.011
1780;0.002;0.010;0.010
1820;0.013;0.003;0.010
1860;0.010;-0.002;0.007
1900;0.013;0.004;0.004
1940;0.009;0.003;-0.004
1980;0.006;0.007;-0.008
2020;0.005;-0.003;-0.002
2060;-0.002;-0.001;-0.002
2100;-0.002;-0.009;-0.007
2140;-0.005;-0.005;-0.005
2180;-0.005;-0.004;-0.007
2220;-0.007;-0.008;-0.003
2260;-0.005;-0.004;-0.006
2280;-0.005;-0.007;-0.005
2320;-0.005;-0.009;0.005
2360;0.001;-0.010;0.012
2400;0.000;-0.023;0.018
2420;-0.011;-0.031;0.016
2460;-0.012;-0.039;0.010
2500;-0.011;-0.013;0.005
2520;-0.005;0.001;0.007
2560;0.005;0.002;0.004
2600;0.009;-0.001;0.003
2640;-0.001;-0.012;0.004
2660;-0.005;-0.014;-0.001
2700;-0.007;-0.016;-0.007
2740;-0.008;-0.009;0.001
2780;-0.002;0.017;0.006
2820;-0.006;0.031;0.009
2840;-0.014;0.034;0.006
2880;-0.019;0.007;0.004
2920;-0.018;-0.014;0.002
2960;-0.020;-0.029;0.002
3000;-0.021;-0.032;0.017
3020;-0.027;-0.040;0.015
3060;-0.021;-0.030;0.001
3080;-0.015;-0.015;-0.007
3120;-0.006;0.024;-0.010
3140;0.001;0.042;-0.002
3180;0.013;0.061;0.001
3220;0.028;0.043;-0.004
3260;0.028;0.021;0.000
3280;0.030;0.015;0.003
3320;0.035;0.004;0.002
3360;0.034;0.007;0.006
3380;0.031;0.011;0.008
3420;0.042;0.018;0.008
3460;0.042;0.005;0.010
3500;0.036;-0.012;0.016
3540;0.032;-0.014;0.015
3580;0.021;-0.010;0.007
3620;0.029;0.006;0.010
3640;0.023;0.001;0.010
3680;0.012;0.004;0.009
3700;0.006;0.001;0.007
3740;0.004;0.001;0.009
3780;0.002;-0.006;0.002
3800;0.004;-0.009;-0.002
3840;-0.001;-0.018;-0.005
3880;0.012;-0.018;-0.007
3900;0.016;-0.010;-0.010
3940;0.015;0.016;-0.017
3960;0.011;0.015;-0.016
4000;0.012;0.004;-0.012
4040;0.005;-0.003;-0.013
4080;0.005;-0.005;-0.024
4120;0.007;-0.009;-0.034
4160;-0.001;0.010;-0.023
4200;-0.004;0.023;-0.002
4240;0.007;0.050;-0.013
4280;0.002;0.037;-0.015
4320;-0.018;0.033;-0.009
4340;-0.016;0.008;-0.001
4380;-0.027;-0.061;0.015
4420;-0.023;-0.021;-0.002
4460;-0.044;0.002;-0.002
4480;-0.034;0.027;0.004
4520;0.004;0.005;0.023
4540;-0.004;-0.005;-0.005
4580;-0.005;-0.001;-0.020
4620;0.005;0.080;0.018
4640;0.011;0.084;0.028
4680;0.023;0.028;-0.002
4700;0.020;0.003;-0.025
4740;0.029;-0.015;-0.020
4760;0.044;-0.016;0.003
4800;0.064;-0.025;0.020
4840;0.051;-0.045;-0.007
4880;0.065;-0.020;-0.011
4900;0.068;-0.016;-0.002
4940;0.032;-0.031;-0.004
4980;-0.005;-0.046;-0.007
5000;-0.031;-0.055;-0.007
5040;-0.109;-0.090;-0.006
5060;-0.129;-0.098;-0.002
5100;-0.188;-0.125;0.002
5140;-0.283;-0.128;0.005
5180;-0.359;-0.097;0.017
5220;-0.460;-0.081;0.001
5260;-0.532;-0.068;0.004
5280;-0.555;-0.057;0.024
5320;-0.649;-0.062;0.037
5360;-0.735;-0.117;0.029
5400;-0.740;-0.146;0.067
5440;-0.725;-0.184;0.053
5480;-0.702;-0.249;0.048
5520;-0.535;-0.266;0.062
5560;-0.392;-0.304;0.046
5600;-0.303;-0.234;0.016
5640;-0.285;-0.136;0.064
5680;-0.181;-0.047;0.064
5700;-0.148;-0.019;0.046
5740;-0.037;-0.018;0.001
5780;0.098;-0.062;-0.059
5820;0.243;-0.055;-0.062
5860;0.348;-0.043;-0.085
5900;0.415;-0.038;-0.103
5940;0.507;-0.055;-0.137
5980;0.591;-0.103;-0.197
6020;0.662;-0.125;-0.243
6060;0.621;-0.076;-0.208
6080;0.581;-0.059;-0.154
6120;0.501;0.186;-0.035
6140;0.496;0.308;-0.051
6180;0.423;0.498;-0.122
6200;0.358;0.538;-0.139
6240;0.241;0.342;-0.160
6280;0.177;-0.031;-0.150
6300;0.175;-0.234;-0.151
6340;0.138;-0.348;-0.144
6380;0.114;-0.197;-0.120
6420;0.109;0.098;-0.067
6460;-0.042;0.370;-0.003
6500;-0.065;0.282;0.051
6540;-0.098;0.014;0.063
6580;-0.079;-0.186;0.073
6620;0.055;-0.242;0.109
6660;0.257;-0.352;0.166
6700;0.414;-0.437;0.151
6740;0.354;-0.249;-0.059
6780;0.561;0.167;-0.206
6820;0.428;0.166;0.073
6860;0.362;-0.577;0.257
6900;0.115;-0.878;0.181
6940;-0.084;-0.274;-0.011
6980;-0.009;0.472;0.192
7020;0.268;0.206;0.416
7060;0.179;0.037;0.378
7100;-0.180;-0.094;0.187
7140;-0.173;-0.065;0.117
7180;-0.020;0.117;0.098
7220;-0.074;-0.081;-0.025
7260;-0.062;-0.060;-0.124
7300;0.070;0.134;-0.086
7340;0.151;0.198;0.011
7380;0.244;0.170;0.005
7420;0.403;-0.181;0.156
7460;0.683;-0.071;0.180
7500;0.075;0.098;-0.191
7540;-0.115;1.092;-0.207
7580;-0.089;0.619;0.001
7620;-0.075;0.233;-0.018
7660;-0.227;-0.170;-0.343
7700;-0.188;-0.145;-0.330
7740;-0.175;-0.257;-0.114
7780;-0.181;-0.296;0.008
7820;-0.112;-0.403;0.040
7860;0.059;-0.200;0.125
7900;0.193;-0.203;0.186
7940;0.312;-0.390;0.147
7980;0.351;-0.420;0.043
8020;0.220;-0.108;0.032
8060;0.484;0.560;-0.440
8100;0.380;-0.029;-0.247
8140;-0.003;-0.889;-0.047
8180;-0.431;-0.900;-0.026
8220;-0.172;0.073;-0.010
8260;-0.066;0.269;0.244
8300;0.179;0.516;0.296
8340;0.066;0.447;0.206
8380;-0.172;0.595;-0.001
8420;-0.080;0.575;-0.089
8460;0.034;0.164;-0.163
8500;0.038;-0.015;-0.123
8540;0.088;0.148;0.026
8580;0.217;0.552;-0.089
8620;0.116;0.427;-0.290
8660;0.453;0.294;0.141
8700;0.431;0.052;0.147
8740;-0.228;0.892;-0.084
8780;-0.411;1.040;-0.045
8820;-0.326;0.245;0.108
8860;-0.267;-0.016;-0.204
8900;-0.254;-0.099;-0.239
8940;-0.166;0.062;-0.064
8960;-0.186;0.075;0.035
9000;-0.122;-0.177;0.093
9040;-0.029;-0.283;0.077
9080;0.066;-0.016;0.181
9120;0.222;0.035;0.206
9140;0.285;0.039;0.166
9180;0.282;-0.101;0.175
9200;0.220;-0.067;0.213
9240;0.204;0.682;-0.062
9280;0.516;1.087;-0.467
9320;0.129;0.213;-0.109
9360;-0.210;-0.469;-0.221
9400;-0.555;0.512;-0.458
9440;-0.147;1.305;-0.132
9480;0.171;1.627;-0.001
9520;0.172;1.624;-0.027
9560;-0.169;1.498;-0.175
9600;-0.417;1.810;-0.289
9640;-0.104;2.181;-0.451
9680;-0.133;1.834;-0.633
9720;-0.164;1.563;-0.442
9760;0.087;1.675;-0.292
9800;-0.142;1.691;-0.476
9840;0.114;1.579;-0.294
9880;0.271;1.640;-0.101
9920;-0.042;2.709;-0.337
9960;-0.584;2.959;-0.401
10000;-0.448;2.274;-0.288
10040;-0.191;1.742;-0.531
10080;-0.177;1.603;-0.564
10120;-0.123;1.998;-0.328
10160;-0.171;2.136;-0.115
10200;-0.205;1.996;-0.140
10240;-0.152;1.944;-0.187
10280;-0.042;1.910;0.026
10320;0.159;1.644;0.249
10360;0.236;1.840;0.148
10400;0.175;1.830;-0.252
10440;0.323;1.469;-0.128
10480;0.211;1.394;-0.026
10520;-0.010;1.249;-0.161
10560;-0.265;1.518;-0.254
10600;-0.161;2.008;0.035
10640;0.254;2.057;0.042
10680;0.319;1.980;-0.118
10720;-0.216;1.987;-0.134
10760;-0.509;1.783;-0.085
10800;-0.052;1.781;-0.057
10840;0.090;1.521;-0.213
10880;-0.015;1.308;-0.321
10920;-0.136;1.004;-0.264
10960;0.143;0.928;-0.246
11000;0.463;1.158;-0.365
11040;0.225;1.141;-0.415
11080;0.304;0.842;-0.040
11120;0.511;0.687;-0.156
11160;0.139;1.513;-0.344
11200;-0.086;1.779;-0.272
11240;-0.094;0.880;-0.172
11280;-0.030;0.153;-0.446
11300;-0.063;0.104;-0.499
11340;0.027;0.370;-0.368
11380;-0.071;0.622;-0.169
11420;-0.324;0.470;-0.083
11460;-0.269;0.180;-0.032
11500;-0.075;0.180;0.073
11540;0.046;0.052;0.203
11580;0.254;-0.291;0.186
11620;0.222;-0.352;0.053
11660;0.256;0.134;-0.312
11700;0.428;0.552;-0.350
11740;0.199;0.064;0.060
11760;0.187;-0.474;0.186
11800;0.177;-1.086;0.177
11840;-0.199;-0.758;-0.086
11880;-0.078;-0.087;0.043
11920;0.233;0.172;0.379
11960;0.289;0.208;0.332
12000;-0.020;0.115;0.187
12040;-0.216;0.285;0.097
12080;-0.020;0.269;0.046
12120;0.108;-0.141;-0.107
12160;0.002;-0.055;-0.164
12200;0.181;0.186;-0.082
12220;0.325;0.382;-0.117
12260;0.177;0.412;-0.255
12300;0.439;0.227;0.098
12340;0.510;-0.238;0.142
12380;0.140;0.475;-0.039
12400;-0.043;1.008;-0.004
12440;-0.180;0.987;0.037
12480;-0.164;0.517;-0.057
12520;-0.197;-0.257;-0.393
12560;-0.055;-0.163;-0.236
12600;-0.016;-0.005;-0.064
12640;-0.117;-0.154;-0.010
12680;-0.204;-0.372;-0.004
12720;-0.156;-0.312;0.134
12760;0.065;-0.226;0.294
12800;0.133;-0.530;0.270
12840;0.116;-0.507;0.031
12880;-0.010;-0.285;-0.037
12920;0.356;-0.172;-0.282
12960;0.233;0.215;-0.254
13000;0.158;-0.469;0.004
13040;-0.148;-1.272;0.117
13080;-0.353;-1.147;0.019
13120;-0.227;-0.348;-0.005
13160;0.053;0.078;0.359
13200;0.195;0.073;0.307
13240;-0.046;-0.245;0.219
13280;-0.376;-0.291;0.096
13320;-0.108;-0.265;0.037
13360;0.092;-0.602;0.004
13400;0.085;-0.833;-0.057
13440;0.164;-0.750;-0.021
13480;0.254;-0.630;-0.170
13520;0.062;-0.717;0.198
13560;0.632;-1.105;0.471
13600;0.154;-0.875;0.232
13640;-0.122;-0.533;0.294
13680;-0.207;-1.467;0.485
13720;-0.220;-2.209;0.119
13760;0.046;-2.483;-0.051
13800;0.090;-2.240;0.257
13840;-0.336;-2.345;0.457
13880;-0.161;-2.846;0.353
13920;-0.097;-3.041;0.439
13960;0.085;-3.216;0.679
14000;0.020;-3.424;0.806
14040;-0.178;-3.417;0.539
14080;-0.400;-3.247;0.356
14120;-0.553;-3.170;0.286
14140;-0.605;-3.196;0.249
14180;-0.560;-2.946;0.305
14220;-0.301;-2.542;0.453
14260;-0.124;-2.102;0.347
14280;0.085;-2.125;0.204
14300;0.169;-2.343;0.026
14340;0.090;-2.776;-0.204
14380;-0.049;-2.591;-0.164
14420;-0.027;-2.235;-0.147
14460;-0.027;-2.407;-0.101
14500;-0.125;-2.519;-0.007
14540;-0.286;-2.508;-0.068
14560;-0.353;-2.458;-0.103
14600;-0.418;-1.987;-0.115
14640;-0.418;-1.406;-0.075
14680;-0.513;-1.171;-0.042
14720;-0.424;-0.963;-0.011
14760;-0.348;-0.387;0.012
14800;-0.363;-0.172;0.068
14840;-0.392;-0.261;0.047
14880;-0.453;-0.742;-0.099
14920;-0.434;-0.895;-0.148
14960;-0.376;-1.144;-0.046
15000;-0.360;-1.131;0.021
15040;-0.403;-1.117;0.048
15080;-0.449;-0.774;-0.085
15120;-0.328;-0.367;-0.089
15160;-0.203;0.147;-0.034
15200;-0.059;0.348;-0.042
15240;0.015;0.517;-0.078
15280;0.092;0.260;-0.098
15320;0.228;0.090;-0.081
15360;0.320;0.008;-0.090
15400;0.317;-0.020;-0.134
15440;0.316;0.046;-0.085
15480;0.475;-0.126;-0.064
15520;0.489;-0.096;0.005
15560;0.750;0.051;-0.020
15600;0.827;-0.030;-0.071
15640;0.550;-0.178;0.073
15680;0.467;-0.192;0.027
15720;0.431;-0.215;-0.008
15760;0.428;-0.308;0.005
15800;0.189;-0.236;0.001
15840;0.161;-0.318;0.020
15880;0.214;-0.265;0.014
15920;0.349;-0.147;-0.138
15960;0.442;-0.001;-0.131
15980;0.521;0.040;-0.078
16020;0.441;0.156;-0.067
16060;0.376;0.171;-0.028
16100;0.363;0.180;-0.034
16140;0.341;0.250;-0.019
16180;0.316;0.227;0.040
16220;0.205;0.216;0.004
16260;0.115;0.209;-0.019
16300;0.092;0.172;0.016
16340;0.144;0.144;0.073
16380;0.188;0.070;0.092
16420;0.071;-0.050;0.072
16460;0.231;-0.037;0.007
16500;0.277;-0.081;-0.028
16540;0.250;-0.079;0.013
16580;0.181;0.065;0.017
16620;0.119;0.092;-0.053
16660;0.060;0.083;-0.047
16700;0.122;0.053;-0.021
16740;0.163;0.021;-0.045
16780;0.020;0.100;-0.032
16820;-0.057;-0.019;-0.010
16860;-0.034;-0.023;-0.078
16900;0.144;0.007;-0.065
16940;0.112;-0.005;-0.037
16980;-0.040;-0.093;-0.013
17020;-0.001;-0.069;-0.012
17060;0.023;-0.015;-0.004
17100;0.002;-0.036;0.019
17120;0.001;-0.027;0.020
17160;-0.005;-0.014;0.002
17200;0.009;-0.042;-0.002
17240;0.010;-0.018;0.001
17280;-0.006;-0.011;0.001
17320;-0.012;0.023;-0.002
17360;0.003;0.035;-0.006
17400;-0.007;0.009;-0.009
17440;-0.020;0.021;-0.009
17480;-0.035;0.008;-0.003
17520;-0.019;0.015;-0.003
17560;-0.013;0.007;-0.009
17600;-0.013;0.013;-0.001
17640;-0.012;-0.002;-0.001
17680;-0.020;-0.011;0.001
17700;-0.021;-0.008;0.001
17740;-0.016;-0.011;-0.001
17780;-0.027;-0.007;-0.001
17820;-0.009;0.009;0.004
17860;-0.015;-0.006;0.004
17900;-0.016;-0.014;0.003
17940;-0.060;0.002;0.005
17980;-0.058;-0.010;0.004
18020;-0.040;0.009;0.001
18060;-0.029;-0.013;0.003
18100;-0.032;0.008;0.002
18140;-0.036;-0.003;0.005
18180;-0.036;0.001;0.003
18220;-0.011;-0.016;-0.002
18260;-0.002;0.005;0.002
18300;0.003;0.009;0.001
18340;0.002;0.001;0.004
18360;0.005;-0.004;0.004
18400;0.019;-0.004;0.001
18440;0.012;0.013;0.002
18480;0.002;0.012;0.007
18520;0.015;0.007;0.008
18560;0.046;-0.007;-0.001
18600;0.021;-0.012;0.005
18640;0.013;0.000;0.007
18680;0.009;0.001;0.006
18720;0.012;0.001;0.005
18760;0.037;0.005;0.005
18800;0.035;0.009;0.003
18840;0.043;0.002;0.004
18880;0.020;-0.006;-0.002
18920;0.023;0.004;-0.005
18960;0.026;0.009;-0.005
19000;0.054;0.010;-0.009
19040;0.056;-0.035;-0.016
19080;0.032;-0.001;-0.036
19120;-0.026;0.021;-0.026
19160;0.017;0.021;-0.017
19200;0.051;0.016;-0.034
19240;-0.010;-0.046;-0.035
19280;-0.005;-0.032;-0.007
19320;-0.004;0.024;-0.027
19360;0.035;0.039;-0.029
19400;0.051;0.042;-0.021
19440;0.051;0.012;-0.032
19480;0.084;0.025;-0.037
19520;0.086;0.007;-0.015
19560;0.067;-0.001;-0.012
19600;0.051;-0.012;-0.010
19640;0.069;0.004;-0.007
19680;0.100;0.024;-0.010
19720;0.135;0.015;0.003
19760;0.119;0.014;0.018
19800;-0.005;-0.057;0.027
19840;-0.101;-0.041;0.043
19880;-0.037;-0.019;0.046
19920;0.131;-0.003;0.029
19960;-0.030;0.042;0.034
20000;-0.071;-0.020;0.037
20040;-0.075;-0.092;0.037
20080;0.004;-0.070;0.046
20120;0.115;-0.060;0.056
20160;0.007;-0.019;0.041
20200;-0.043;-0.029;0.016
20220;-0.056;-0.054;0.007
20260;-0.011;-0.057;0.005
20300;0.018;-0.045;0.018
20340;-0.074;-0.108;0.023
20380;-0.029;-0.072;0.010
20420;-0.032;-0.058;0.013
20460;0.018;0.006;-0.038
20500;-0.027;-0.014;-0.002
20540;-0.063;0.065;0.045
20580;-0.067;0.046;-0.027
20620;-0.064;-0.021;-0.021
20640;-0.016;-0.056;0.022
20680;-0.019;-0.026;0.034
20720;-0.096;-0.009;-0.012
20740;-0.073;-0.007;-0.020
20780;-0.052;0.056;0.004
20820;-0.106;0.060;0.025
20840;-0.101;0.059;0.017
20880;-0.237;0.106;-0.004
20920;0.057;-0.032;-0.009
20960;0.241;-0.033;0.007
21000;-0.166;0.029;0.012
21040;-0.079;0.018;-0.002
21080;-0.019;0.036;-0.002
21120;0.037;0.016;0.009
21160;0.059;0.012;-0.002
21200;-0.011;-0.001;-0.012
21240;-0.020;0.013;-0.002
21280;0.119;-0.001;-0.006
21320;0.064;-0.037;-0.002
21360;0.054;-0.002;-0.002
21400;0.141;-0.007;-0.021
21440;0.082;-0.020;-0.017
21480;0.018;-0.020;-0.005
21520;0.101;-0.053;-0.011
21560;0.103;-0.057;-0.022
21600;0.012;-0.015;-0.004
21640;0.030;-0.026;-0.006
21680;0.002;-0.027;-0.012
21720;-0.003;-0.026;-0.009
21760;-0.040;-0.007;0.005
21780;-0.043;-0.010;0.003
21820;0.003;-0.038;-0.006
21860;-0.040;-0.004;-0.009
21900;-0.033;0.001;-0.003
21920;-0.059;0.010;0.007
21960;-0.086;0.017;0.008
22000;-0.137;0.047;-0.001
22040;-0.187;0.088;0.004
22060;-0.301;0.118;0.006
