DURACAO;AVL EIXO X;AVL EIXO Y;AVL EIXO Z
0;-0.015;0.035;0.009
40;-0.015;0.035;0.009
80;-0.003;0.001;0.008
120;0.004;-0.007;0.005
160;0.008;-0.015;0.005
200;0.003;0.001;0.009
240;-0.008;0.026;0.013
280;0.010;-0.001;0.008
320;0.009;0.002;0.004
360;0.005;-0.003;0.002
380;0.007;-0.009;0.003
420;0.012;-0.001;0.004
460;0.011;0.005;0.002
500;0.011;0.001;-0.001
540;0.009;0.005;-0.002
580;0.009;0.003;-0.002
620;0.004;0.005;-0.004
660;0.001;-0.001;-0.003
700;0.002;0.008;-0.002
740;-0.001;-0.007;-0.004
780;-0.004;0.004;-0.001
820;-0.003;0.004;-0.003
860;-0.010;0.005;-0.002
900;-0.010;0.007;-0.005
940;-0.010;0.012;-0.005
980;-0.011;0.017;0.000
1000;-0.015;0.017;-0.002
1040;-0.007;0.012;0.000
1080;-0.010;0.003;0.001
1120;-0.002;0.006;0.002
1160;0.005;0.004;0.003
1180;0.005;0.004;0.003
1220;0.011;-0.003;0.004
1260;0.011;-0.010;0.007
1300;0.010;-0.005;0.004
1340;0.013;-0.004;0.001
1380;0.013;-0.010;0.002
1420;0.015;-0.005;0.005
1440;0.012;-0.004;0.004
1480;0.007;-0.003;0.004
1520;0.004;-0.001;0.005
1560;0.003;-0.004;0.002
1600;0.004;0.000;0.005
1640;0.001;-0.003;0.002
1680;-0.002;0.002;0.004
1720;0.001;-0.010;0.006
1760;0.007;-0.006;0.005
1800;0.005;-0.007;0.004
1840;0.007;0.001;0.001
1880;0.009;-0.004;0.003
1920;0.009;-0.004;0.004
1960;0.008;-0.003;-0.001
2000;0.009;-0.005;0.000
2040;0.009;0.004;-0.002
2060;0.008;-0.001;-0.004
2100;0.005;0.004;-0.005
2140;0.004;0.001;-0.004
2180;-0.002;0.001;-0.004
2220;0.000;0.002;-0.004
2260;-0.005;0.006;-0.005
2300;-0.007;0.003;-0.004
2340;-0.008;-0.004;-0.004
2360;-0.014;-0.005;-0.005
2400;-0.022;-0.001;-0.006
2440;-0.031;-0.001;-0.004
2480;-0.028;0.001;-0.004
2520;-0.022;0.001;-0.004
2540;-0.023;0.005;-0.004
2580;-0.019;0.004;-0.002
2620;-0.016;0.004;-0.003
2660;-0.018;0.005;-0.004
2700;-0.008;-0.003;-0.003
2740;-0.009;-0.001;-0.004
2780;-0.005;0.002;-0.006
2820;-0.005;0.008;-0.009
2860;-0.002;0.013;-0.009
2900;-0.008;0.021;-0.009
2940;-0.013;0.015;-0.005
2980;-0.035;0.010;-0.008
3020;-0.065;0.023;-0.011
3060;-0.104;0.017;-0.002
3100;-0.128;0.016;-0.007
3140;-0.177;0.015;-0.005
3180;-0.238;0.002;-0.015
3200;-0.254;0.015;-0.031
3240;-0.354;0.080;-0.039
3280;-0.462;0.093;-0.031
3320;-0.615;0.149;-0.044
3360;-0.842;0.024;-0.045
3400;-1.005;0.057;-0.084
3440;-1.122;0.104;-0.103
3480;-1.173;0.040;-0.135
3520;-1.200;0.013;-0.115
3560;-1.111;-0.029;-0.076
3600;-1.019;0.157;-0.106
3640;-1.009;0.203;-0.186
3680;-1.001;0.155;-0.249
3720;-0.877;0.029;-0.223
3760;-0.596;-0.015;-0.201
3800;-0.299;-0.013;-0.159
3840;0.034;-0.086;-0.129
3880;0.362;-0.219;-0.111
3920;0.734;-0.092;-0.107
3960;1.148;-0.237;-0.084
3980;1.338;-0.407;-0.035
4020;1.824;-0.703;0.087
4040;1.947;-0.693;0.099
4080;1.933;-0.575;0.059
4120;1.790;-0.211;0.272
4160;1.412;-0.123;0.015
4200;1.013;-0.068;-0.004
4240;0.676;-0.144;-0.093
4280;0.391;-0.279;-0.279
4320;0.646;-0.488;-0.301
4360;1.005;-0.410;-0.067
4400;0.424;0.000;0.062
4440;0.291;-0.252;0.130
4480;0.123;-0.106;0.142
4520;0.496;-0.170;0.215
4560;0.871;-0.477;0.198
4600;0.635;0.514;0.147
4620;0.255;0.798;-0.230
4660;-0.346;-0.269;-0.262
4700;0.205;-0.625;0.199
4740;0.480;-0.295;0.221
4780;0.374;0.074;0.035
4820;-0.258;-0.088;0.258
4860;-0.174;-0.070;0.329
4900;-0.062;0.089;0.250
4940;-0.087;0.131;0.194
4960;-0.002;0.183;0.136
5000;0.117;0.289;0.048
5040;0.120;0.520;-0.012
5060;0.088;0.567;-0.027
5100;0.054;0.541;-0.054
5140;-0.012;0.371;-0.147
5180;0.222;0.175;-0.205
5220;0.098;0.112;-0.016
5260;0.261;0.451;0.021
5300;-0.003;0.638;0.113
5320;-0.096;0.585;0.131
5360;-0.057;0.594;0.042
5400;0.037;0.222;-0.103
5420;0.097;0.169;-0.094
5460;0.241;0.237;-0.150
5500;0.265;0.078;-0.337
5540;0.098;-0.118;-0.299
5580;-0.182;-0.199;-0.028
5620;-0.075;-0.221;-0.012
5660;0.144;-0.234;-0.035
5700;0.130;-0.232;0.052
5740;0.134;-0.160;-0.026
5780;0.304;-0.297;0.084
5820;0.471;0.248;-0.203
5860;0.260;-0.021;-0.293
5900;0.001;-0.555;-0.125
5940;0.207;-0.169;-0.228
5980;0.059;0.265;0.018
6020;-0.291;0.144;0.143
6040;-0.147;0.093;0.162
6080;0.049;0.197;0.159
6120;-0.266;0.352;0.135
6140;-0.333;0.390;0.098
6180;-0.159;0.436;0.020
6220;-0.063;0.514;-0.058
6240;-0.145;0.574;-0.108
6280;-0.195;0.660;-0.159
6320;-0.093;0.693;-0.107
6360;-0.178;0.596;-0.094
6400;-0.101;0.518;-0.098
6420;-0.017;0.499;-0.018
6460;-0.051;0.369;0.037
6500;0.046;0.519;-0.070
6540;-0.056;0.886;-0.068
6580;-0.233;1.093;-0.016
6620;-0.301;0.963;-0.056
6660;-0.178;0.700;-0.045
6700;-0.139;0.522;-0.134
6740;-0.144;0.385;-0.285
6780;-0.155;0.280;-0.208
6820;-0.123;0.209;-0.150
6860;-0.043;0.280;-0.070
6900;0.001;0.351;-0.043
6940;0.074;0.385;0.017
6980;0.136;0.405;0.105
7020;0.216;0.414;0.148
7060;0.249;0.487;0.236
7100;0.243;0.510;0.245
7120;0.272;0.586;0.230
7160;0.362;0.652;0.177
7200;0.530;1.140;-0.184
7240;0.328;1.249;-0.065
7280;0.155;1.087;-0.027
7320;-0.105;0.938;-0.328
7360;0.001;1.556;-0.331
7400;-0.083;1.909;-0.127
7440;0.037;2.026;-0.086
7480;0.051;2.183;-0.163
7520;-0.071;2.444;-0.178
7560;0.001;2.305;-0.196
7600;0.078;2.131;-0.156
7640;-0.048;1.987;-0.153
7680;-0.008;2.056;-0.168
7720;-0.010;1.941;-0.195
7760;0.124;2.002;-0.233
7800;0.111;2.056;-0.368
7840;-0.086;2.062;-0.240
7860;0.012;1.957;-0.150
7900;0.112;2.099;-0.133
7940;-0.088;2.307;-0.187
7960;-0.127;2.312;-0.202
8000;-0.215;1.916;-0.178
8040;-0.080;1.580;-0.164
8060;-0.018;1.464;-0.234
8100;-0.075;1.691;-0.273
8140;-0.198;1.831;-0.274
8180;-0.303;1.720;-0.271
8200;-0.321;1.658;-0.222
8240;-0.281;1.537;-0.145
8280;-0.166;1.417;-0.151
8320;-0.159;1.233;-0.097
8360;-0.115;1.053;-0.044
8400;0.044;0.904;0.032
8440;0.018;0.842;0.113
8480;0.178;0.857;0.102
8520;0.308;0.822;0.089
8560;0.378;0.684;0.062
8600;0.481;0.520;0.042
8640;0.479;0.723;-0.071
8680;0.405;1.065;-0.015
8720;0.409;0.764;0.185
8740;0.318;0.571;0.164
8780;0.038;0.349;-0.063
8820;0.118;0.357;-0.257
8860;-0.096;0.396;0.059
8900;-0.219;0.354;0.165
8940;-0.191;0.566;0.185
8980;-0.095;0.748;0.147
9020;-0.040;0.613;0.136
9060;0.024;0.355;0.052
9100;-0.137;0.357;0.020
9140;-0.219;0.393;0.110
9160;-0.088;0.464;0.026
9200;0.052;0.344;-0.066
9220;0.002;0.296;-0.041
9260;-0.085;0.232;0.095
9300;-0.192;0.119;0.175
9340;0.172;0.621;-0.081
9380;-0.006;0.827;0.137
9420;-0.037;0.701;0.147
9460;-0.041;0.302;-0.155
9500;0.162;0.375;-0.197
9540;0.293;0.355;-0.217
9580;0.349;0.171;-0.373
9620;0.189;0.208;-0.218
9660;-0.140;0.043;-0.014
9700;-0.102;-0.176;-0.024
9740;0.294;-0.323;-0.037
9760;0.389;-0.304;-0.061
9800;0.302;-0.274;0.020
9840;0.083;-0.133;0.122
9880;0.307;0.084;-0.297
9900;0.265;-0.026;-0.155
9940;-0.049;-0.364;0.041
9980;0.114;-0.313;-0.166
10020;0.292;-0.078;0.101
10060;-0.293;-0.109;0.180
10100;-0.159;-0.109;0.152
10140;0.038;0.110;0.239
10180;-0.161;0.124;0.162
10220;-0.255;0.171;0.054
10260;-0.114;0.266;0.001
10300;-0.061;0.436;-0.031
10340;-0.099;0.504;-0.117
10380;-0.027;0.285;-0.020
10420;0.194;0.131;0.153
10460;0.099;0.133;0.298
10500;0.116;0.491;0.200
10540;-0.174;0.763;0.103
10580;-0.188;0.915;0.348
10620;-0.010;0.795;0.029
10660;0.082;0.860;-0.270
10700;0.090;0.951;-0.214
10740;0.221;0.941;-0.346
10780;0.134;1.053;-0.241
10820;-0.067;0.853;0.020
10860;0.036;0.869;0.062
10900;0.295;0.969;-0.054
10940;0.263;1.059;0.052
10980;0.369;1.010;0.068
11000;0.395;1.707;-0.217
11040;0.275;1.406;-0.635
11080;-0.142;1.136;-0.423
11120;-0.057;1.617;-0.437
11160;0.087;2.337;-0.248
11200;-0.057;2.547;-0.235
11240;-0.031;2.617;-0.170
11260;-0.100;2.667;-0.115
11300;-0.272;2.806;-0.143
11340;-0.030;3.082;-0.215
11360;0.009;3.111;-0.259
11400;-0.110;3.176;-0.287
11440;-0.174;3.307;-0.367
11480;-0.290;3.332;-0.244
11520;-0.356;3.241;-0.257
11560;-0.437;3.220;-0.299
11600;-0.543;3.519;-0.084
11620;-0.721;3.380;-0.135
11660;-0.786;2.674;0.155
11700;-0.440;2.547;0.415
11740;-0.225;2.531;0.280
11780;-0.385;2.499;0.385
11820;-0.970;2.222;0.225
11860;-1.407;1.783;0.144
11900;-1.378;1.300;0.200
11940;-1.126;1.013;0.117
11980;-1.253;1.421;0.500
12020;-1.007;0.982;0.237
12060;-1.003;0.640;0.117
12100;-1.069;0.437;0.304
12140;-0.598;0.401;0.299
12180;-0.553;0.431;0.210
12220;-0.216;0.134;0.205
12240;-0.140;-0.029;0.136
12280;0.266;-0.219;0.291
12300;0.415;-0.151;0.291
12340;0.627;0.010;0.197
12380;0.816;-0.057;0.198
12420;0.880;-0.071;0.189
12460;1.041;-0.034;0.202
12500;1.021;-0.024;0.155
12540;0.976;-0.137;0.081
12580;0.646;-0.051;0.094
12620;0.685;-0.126;0.133
12660;0.735;-0.221;0.090
12700;0.802;-0.250;0.081
12740;0.834;-0.224;0.099
12780;0.864;-0.203;0.064
12820;1.064;-0.168;0.038
12860;1.242;-0.049;-0.008
12900;1.114;0.108;-0.054
12940;0.665;0.035;-0.037
12980;0.285;-0.026;-0.029
13020;0.188;-0.003;-0.026
13060;0.176;-0.033;-0.043
13100;0.155;-0.042;-0.030
13140;0.119;-0.045;-0.010
13180;0.126;-0.017;-0.022
13220;0.107;-0.003;-0.027
13240;0.079;-0.011;-0.020
13280;0.053;-0.027;-0.015
13320;0.046;-0.044;-0.008
13360;-0.028;-0.041;-0.007
13400;-0.035;-0.032;-0.011
13440;-0.063;-0.003;-0.002
13480;-0.073;-0.006;-0.001
13520;-0.076;-0.001;0.007
13560;-0.079;0.012;0.004
13600;-0.057;0.037;-0.004
13640;-0.070;0.017;0.007
13680;-0.024;0.017;-0.002
13720;-0.020;0.015;-0.005
13760;-0.032;0.007;0.005
13800;-0.005;0.002;0.001
13840;0.012;-0.004;0.000
13880;0.005;-0.013;0.003
13920;-0.004;-0.014;0.002
13960;0.012;-0.001;-0.008
14000;-0.001;-0.006;-0.007
14040;0.016;-0.007;-0.005
14080;0.018;-0.003;-0.015
14100;0.010;-0.009;-0.010
14140;0.013;-0.007;-0.004
14180;0.022;0.001;-0.010
14220;0.011;-0.005;-0.004
14260;-0.009;-0.001;-0.001
14300;0.012;-0.014;0.003
14340;0.017;0.002;0.001
14380;0.014;-0.007;0.001
14420;0.009;-0.009;0.002
14460;0.012;0.006;0.000
14500;-0.562;-0.100;-0.210
14540;-0.609;-0.115;-0.007
14580;-1.332;-0.407;0.120
14620;-0.674;-0.400;0.095
14660;0.060;0.036;-0.016
14700;-0.109;-0.217;0.034
14720;0.005;-0.046;0.006
14760;-0.072;-0.199;0.020
14800;-0.055;-0.130;0.023
14840;-0.061;-0.101;0.020
14880;-0.031;-0.009;-0.002
14920;-0.013;0.025;-0.010
14960;-0.027;-0.030;-0.012
15000;-0.010;-0.026;-0.004
15040;-0.013;-0.012;-0.004
15080;-0.001;0.023;-0.013
15120;-0.021;-0.012;-0.031
15160;0.012;0.001;0.002
15200;-0.005;-0.011;-0.004
15240;-0.011;-0.012;-0.006
15280;-0.005;-0.020;0.001
15320;-0.013;-0.008;-0.009
15360;-0.007;-0.009;-0.003
15400;-0.014;-0.002;-0.006
15440;-0.009;0.023;-0.012
15480;-0.012;-0.010;0.003
15520;-0.016;0.015;-0.015
15560;0.040;-0.009;-0.012
15600;0.034;-0.037;-0.012
15640;0.057;-0.001;-0.017
15680;0.076;0.010;-0.010
15720;0.009;-0.079;-0.001
15760;0.008;0.000;-0.013
15800;-0.004;0.013;-0.012
15840;0.000;-0.007;-0.002
15880;0.002;0.016;-0.012
15920;-0.012;-0.011;-0.001
15960;-0.009;0.001;-0.004
16000;-0.016;-0.001;-0.002
16040;-0.003;0.012;0.007
16081;-0.010;0.016;-0.002
16120;-0.012;0.005;-0.005
16160;0.005;0.037;-0.011
16200;0.004;0.041;-0.002
16240;-0.086;0.155;-0.002
16280;-0.012;0.177;-0.010
16320;0.352;0.419;-0.009
