DURACAO;AVL EIXO X;AVL EIXO Y;AVL EIXO Z
0;0.015;0.023;0.002
40;0.015;0.023;0.002
80;-0.001;0.001;-0.008
120;0.004;0.001;-0.004
160;0.004;0.004;-0.004
200;0.005;0.002;-0.001
240;0.010;-0.002;0.000
280;0.009;-0.001;0.001
320;0.005;0.003;0.002
360;0.008;0.002;0.002
400;0.004;0.004;0.004
440;0.003;0.004;0.004
480;0.004;0.006;0.005
520;0.009;0.005;0.004
560;0.005;0.001;0.005
600;0.005;0.000;0.004
640;0.007;0.002;0.004
680;0.001;0.002;0.005
720;0.004;0.003;0.004
760;0.002;-0.001;0.001
800;0.005;-0.001;0.001
840;0.002;0.002;-0.001
880;0.002;0.002;-0.001
920;0.002;0.001;-0.001
960;0.002;0.002;0.000
1000;0.001;0.002;0.001
1040;0.004;0.001;0.001
1080;0.001;0.001;-0.001
1120;0.002;-0.001;0.000
1160;0.005;0.000;0.000
1200;0.001;0.003;0.001
1240;0.002;0.001;0.001
1280;0.004;0.005;0.003
1320;0.005;0.004;0.002
1360;0.004;0.000;0.003
1400;0.007;0.001;0.001
1440;0.007;0.004;0.002
1480;0.005;0.003;0.002
1520;0.009;0.004;0.001
1560;0.005;0.005;0.001
1600;0.009;0.001;0.001
1640;0.009;-0.001;-0.001
1680;0.009;-0.001;-0.003
1720;0.007;-0.002;-0.002
1760;0.004;-0.005;-0.003
1800;0.004;-0.004;-0.003
1840;0.002;-0.003;-0.002
1880;0.004;-0.004;-0.002
1920;0.002;-0.003;-0.001
1960;-0.003;-0.004;-0.002
2000;-0.002;-0.009;-0.002
2040;-0.006;-0.001;-0.001
2080;-0.004;-0.002;0.000
2120;-0.004;-0.004;0.001
2160;-0.001;-0.004;0.001
2200;-0.003;-0.005;0.000
2240;-0.001;-0.001;0.002
2280;-0.004;0.002;0.002
2320;-0.005;0.002;0.002
2360;-0.005;0.001;0.002
2400;-0.004;-0.001;0.002
2440;-0.004;0.001;0.002
2480;-0.005;0.000;0.001
2520;-0.005;-0.001;0.002
2560;-0.005;-0.002;-0.001
2600;-0.004;-0.001;0.000
2640;-0.004;0.001;-0.001
2680;-0.003;0.001;0.001
2720;0.001;0.002;0.000
2760;0.002;0.003;-0.001
2800;0.003;-0.001;-0.001
2840;-0.003;0.004;0.001
2880;-0.001;0.002;-0.001
2920;-0.004;0.001;0.001
2960;0.002;0.005;-0.001
3000;0.000;0.002;-0.002
3040;-0.003;0.003;-0.002
3080;-0.015;0.004;-0.001
3120;-0.026;0.009;0.001
3160;-0.032;0.008;-0.002
3200;-0.053;0.007;-0.002
3240;-0.069;0.006;0.001
3280;-0.081;0.007;0.002
3320;-0.108;0.004;0.006
3360;-0.135;-0.002;0.010
3400;-0.173;-0.010;0.013
3440;-0.226;-0.012;0.018
3480;-0.279;-0.014;0.027
3520;-0.319;0.001;0.027
3560;-0.342;0.020;0.030
3600;-0.341;0.032;0.032
3640;-0.384;0.029;0.027
3660;-0.426;0.011;0.018
3700;-0.485;0.016;0.019
3740;-0.516;0.022;0.016
3780;-0.576;0.002;0.005
3820;-0.567;0.006;0.011
3860;-0.616;0.008;0.007
3900;-0.662;0.037;-0.007
3940;-0.706;0.027;-0.010
3980;-0.709;0.000;-0.015
4020;-0.693;-0.019;-0.037
4060;-0.685;-0.062;-0.037
4100;-0.728;-0.103;-0.052
4140;-0.640;-0.098;-0.061
4180;-0.651;-0.170;-0.091
4220;-0.535;-0.196;-0.112
4260;-0.432;-0.210;-0.134
4300;-0.315;-0.054;-0.079
4340;-0.157;-0.086;-0.094
4380;-0.023;-0.033;-0.181
4420;0.120;-0.023;-0.276
4460;0.218;0.026;-0.272
4500;0.429;0.087;-0.243
4540;0.527;0.111;-0.206
4580;0.705;0.081;-0.152
4620;0.890;0.025;-0.131
4660;1.043;-0.019;-0.162
4700;1.089;-0.008;-0.117
4740;1.118;0.006;-0.053
4780;1.148;0.054;0.068
4820;1.122;0.133;0.147
4860;1.036;0.082;0.194
4900;0.858;-0.031;0.291
4940;0.621;0.005;0.308
4980;0.486;0.117;0.227
5020;0.419;0.188;0.181
5060;0.340;0.193;0.087
5100;0.180;0.131;-0.001
5140;0.054;0.086;-0.046
5180;-0.086;0.030;-0.111
5220;-0.216;0.042;-0.137
5260;-0.181;0.098;-0.137
5300;-0.243;0.029;-0.169
5340;-0.186;-0.157;-0.189
5360;-0.148;-0.204;-0.177
5400;-0.116;-0.134;-0.236
5440;-0.040;-0.192;-0.290
5480;-0.034;-0.199;-0.318
5520;-0.033;-0.130;-0.279
5560;-0.090;-0.111;-0.246
5600;-0.131;-0.155;-0.202
5640;-0.154;-0.238;-0.137
5680;-0.204;-0.334;-0.037
5720;-0.177;-0.375;0.047
5760;-0.029;-0.239;0.214
5800;0.120;-0.316;0.254
5840;0.307;-0.348;0.227
5880;0.382;-0.243;-0.114
5920;0.311;-0.052;-0.113
5960;0.266;-0.226;0.184
6000;0.140;-0.599;0.168
6040;0.098;-0.613;0.082
6080;-0.146;-0.566;0.004
6120;-0.109;-0.167;0.109
6160;-0.092;-0.063;0.252
6200;-0.065;-0.053;0.305
6240;-0.121;-0.022;0.189
6280;-0.117;0.048;0.118
6320;-0.128;0.087;0.077
6360;-0.098;0.162;-0.003
6400;-0.033;0.265;-0.113
6440;0.040;0.354;-0.189
6480;0.104;0.410;-0.187
6520;0.150;0.285;-0.114
6560;0.204;0.194;-0.088
6600;0.229;0.288;-0.106
6640;0.200;0.447;0.127
6680;0.081;-0.073;0.199
6720;0.078;-0.117;-0.097
6760;0.032;0.349;-0.245
6800;0.032;0.647;-0.131
6840;-0.048;0.451;0.094
6880;-0.031;0.104;0.017
6920;-0.004;-0.077;-0.150
6960;0.014;0.012;-0.125
7000;0.019;0.120;-0.002
7040;0.001;0.089;-0.033
7080;0.010;-0.047;-0.106
7120;0.013;-0.134;-0.064
7160;0.046;-0.271;0.153
7200;0.043;-0.413;0.216
7240;0.054;-0.385;0.164
7280;0.097;-0.356;0.169
7320;0.167;-0.374;0.150
7360;0.242;-0.411;0.114
7400;0.180;-0.376;-0.270
7440;0.170;-0.118;-0.079
7480;0.115;-0.390;0.051
7520;-0.041;-0.578;0.015
7560;-0.167;-0.498;-0.046
7600;-0.147;-0.278;-0.027
7640;-0.132;-0.119;0.066
7680;-0.103;-0.149;0.150
7700;-0.092;-0.147;0.151
7740;-0.032;-0.063;0.142
7780;-0.050;0.030;0.140
7820;-0.057;0.107;0.088
7860;-0.033;0.181;0.010
7900;0.027;0.254;-0.053
7940;0.082;0.362;-0.145
7980;0.173;0.507;-0.194
8020;0.177;0.494;-0.154
8060;0.246;0.535;-0.134
8100;0.309;0.290;-0.019
8140;0.183;0.257;0.070
8180;0.205;-0.039;0.282
8220;0.185;-0.290;0.160
8260;0.090;0.155;-0.135
8300;-0.034;0.818;-0.145
8340;-0.111;0.800;0.145
8380;-0.125;0.217;0.230
8420;-0.142;0.194;-0.115
8460;-0.131;0.421;-0.099
8500;-0.106;0.504;-0.020
8540;-0.099;0.544;-0.053
8580;-0.084;0.578;-0.040
8620;-0.051;0.470;0.078
8660;-0.057;0.357;0.128
8700;-0.076;0.322;0.137
8740;-0.106;0.335;0.175
8780;-0.085;0.396;0.199
8820;0.046;0.511;0.194
8860;0.159;0.483;0.197
8900;-0.148;0.637;-0.248
8940;0.106;1.065;-0.041
8980;0.197;0.958;0.197
9020;0.036;0.481;0.199
9060;0.083;0.634;-0.032
9100;0.113;1.150;-0.161
9140;0.117;1.604;-0.111
9180;0.106;1.839;0.060
9220;0.068;1.856;0.134
9260;0.026;1.861;0.135
9300;0.027;2.004;0.159
9340;0.074;2.233;0.105
9380;0.117;2.365;0.054
9420;0.137;2.319;0.028
9460;0.150;2.291;-0.033
9500;0.158;2.233;-0.070
9540;0.184;2.147;-0.110
9580;0.188;2.021;-0.157
9620;0.221;1.861;-0.147
9660;0.244;1.745;-0.111
9700;0.230;1.682;-0.134
9740;0.125;1.722;-0.103
9780;0.010;1.313;-0.103
9820;-0.051;1.220;-0.104
9860;-0.049;1.431;-0.063
9900;-0.053;1.505;-0.012
9940;-0.032;1.524;0.048
9980;0.003;1.448;0.045
10020;0.020;1.291;0.020
10060;0.059;1.214;-0.010
10100;0.062;1.290;-0.055
10140;0.039;1.516;-0.111
10180;-0.053;1.548;-0.086
10220;-0.129;1.382;-0.045
10260;-0.155;1.177;-0.092
10300;-0.189;1.039;-0.114
10340;-0.196;0.876;-0.021
10380;-0.144;0.721;0.055
10420;-0.075;0.616;0.087
10460;0.045;0.519;0.148
10500;0.213;0.434;0.204
10540;0.225;0.365;0.167
10580;0.232;0.458;0.102
10620;0.256;0.516;0.140
10660;0.222;0.562;0.081
10700;0.166;0.641;0.054
10740;0.126;0.808;-0.004
10780;0.104;0.924;-0.026
10820;0.067;0.977;0.021
10860;0.000;1.102;0.087
10900;0.042;1.336;0.095
10940;0.040;1.232;0.093
10980;0.048;1.210;0.123
11020;0.071;1.142;0.098
11060;0.123;0.927;0.032
11100;0.126;0.839;-0.027
11140;0.161;0.844;-0.128
11180;0.276;0.834;-0.217
11220;0.345;0.638;-0.273
11260;0.139;0.542;-0.222
11300;0.131;0.302;-0.199
11340;0.390;0.325;-0.301
11380;0.217;0.315;-0.053
11420;-0.351;-0.338;0.202
11460;0.170;-0.478;-0.053
11500;0.283;0.214;-0.185
11540;-0.224;0.778;-0.078
11580;0.086;0.806;0.211
11620;0.176;0.219;-0.031
11660;-0.013;0.142;-0.154
11700;0.054;0.298;-0.107
11740;0.021;0.150;-0.042
11780;-0.086;-0.042;-0.024
11820;-0.121;-0.263;-0.007
11860;-0.142;-0.316;-0.004
11900;-0.092;-0.325;-0.042
11940;-0.131;-0.207;-0.001
11980;-0.187;-0.326;0.074
12020;-0.150;-0.500;0.117
12060;-0.106;-0.436;0.081
12100;-0.057;-0.346;0.085
12140;0.051;-0.413;0.108
12180;-0.031;-0.649;0.028
12220;-0.162;-0.291;-0.379
12260;-0.038;0.076;0.098
12300;-0.026;-0.605;0.163
12340;-0.098;-0.697;0.136
12380;-0.111;-0.359;-0.010
12420;-0.015;-0.104;0.103
12460;0.076;0.068;0.288
12500;0.098;-0.112;0.256
12540;0.004;-0.191;0.145
12580;-0.049;-0.029;0.142
12620;-0.051;0.035;0.111
12660;-0.016;0.095;0.067
12700;-0.003;0.086;0.007
12740;0.031;-0.017;-0.099
12780;0.021;0.016;-0.166
12820;0.055;0.092;-0.133
12860;0.047;0.120;-0.122
12900;0.181;0.280;-0.195
12940;0.299;0.451;-0.224
12980;0.361;0.509;-0.017
13020;0.194;-0.387;0.266
13060;0.172;-0.349;0.042
13100;0.150;0.250;-0.150
13140;-0.020;1.028;-0.081
13180;-0.014;0.965;0.151
13220;0.067;0.533;-0.018
13260;-0.097;0.410;-0.239
13300;-0.001;0.635;-0.276
13340;-0.043;0.641;-0.162
13380;-0.145;0.514;-0.164
13420;-0.329;0.303;-0.221
13460;-0.223;0.166;-0.105
13500;-0.108;0.063;0.037
13540;-0.065;0.088;0.058
13580;0.015;0.139;0.108
13620;0.091;0.087;0.169
13660;0.244;0.049;0.276
13700;-0.225;0.186;0.060
13740;0.046;0.622;-0.180
13780;0.186;0.968;0.040
13820;-0.169;0.266;-0.016
13860;-0.220;0.417;-0.198
13900;0.103;1.019;-0.315
13940;0.000;1.130;-0.128
13980;0.025;1.228;0.104
14020;0.186;1.164;0.131
14060;0.181;1.001;0.111
14100;0.140;0.909;0.152
14140;0.098;0.946;0.141
14180;0.080;0.959;0.170
14220;-0.035;0.979;0.179
14260;-0.098;1.056;0.150
14300;-0.046;1.209;0.116
14340;0.015;1.354;0.046
14380;0.053;1.560;-0.085
14420;0.103;1.798;-0.234
14460;0.230;2.053;-0.343
14500;0.288;2.219;-0.451
14540;0.075;2.322;-0.319
14580;-0.087;2.150;-0.274
14620;-0.081;2.246;-0.249
14660;-0.162;2.104;-0.100
14700;-0.098;2.013;-0.007
14740;0.128;1.987;0.013
14780;0.072;1.677;0.076
14820;0.119;1.638;0.070
14860;0.181;1.694;0.031
14900;0.053;1.724;0.038
14940;-0.117;1.792;0.038
14980;-0.018;1.920;0.042
15020;-0.048;1.955;0.061
15060;-0.171;1.839;0.076
15100;-0.101;1.585;0.016
15140;-0.061;1.458;-0.086
15180;-0.061;1.442;-0.159
15220;-0.193;1.361;-0.142
15260;-0.235;1.272;-0.192
15300;-0.147;1.183;-0.161
15340;-0.167;1.124;-0.106
15380;-0.132;1.041;-0.055
15420;-0.132;1.119;-0.084
15460;-0.049;1.399;-0.095
15500;-0.094;1.487;-0.027
15540;0.021;1.455;-0.001
15580;-0.005;1.326;-0.096
15620;-0.058;1.313;-0.123
15660;-0.206;1.454;-0.004
15700;-0.644;1.282;0.304
15740;-0.461;1.062;0.326
15780;-0.510;0.629;0.117
15820;-0.469;0.494;0.123
15860;-0.409;0.102;0.172
15900;-0.403;-0.225;0.178
15940;-0.235;-0.385;0.225
15980;-0.318;-0.311;0.219
16020;-0.548;-0.367;0.206
16060;-0.721;-0.279;0.228
16100;-0.667;0.100;0.114
16140;-0.601;0.373;0.211
16180;-0.538;0.532;0.340
16220;-0.614;0.430;0.105
16260;-0.458;0.430;-0.048
16300;-0.389;0.495;-0.124
16340;-0.269;0.449;-0.184
16380;-0.043;0.478;-0.198
16420;-0.012;0.338;-0.428
16460;0.377;0.557;-0.549
16500;0.457;0.313;-0.445
16540;0.416;0.086;-0.354
16580;0.451;-0.099;-0.149
16620;0.660;-0.123;-0.054
16660;0.708;0.112;-0.163
16700;0.951;0.054;-0.098
16740;1.024;-0.148;-0.005
16780;1.268;-0.159;-0.026
16820;1.361;-0.114;0.054
16860;1.387;-0.049;0.137
16900;1.263;0.037;0.167
16940;1.001;0.173;0.236
16980;0.723;0.136;0.210
17020;0.478;0.036;0.177
17060;0.365;-0.018;0.217
17100;0.203;-0.042;0.214
17140;-0.100;-0.040;0.181
17180;-0.228;0.018;0.167
17220;-0.090;-0.005;0.124
17260;-0.092;0.060;0.090
17300;-0.274;0.068;0.051
17340;-0.357;0.087;0.057
17380;-0.308;-0.031;0.087
17420;-0.323;-0.115;0.064
17460;-0.258;-0.090;0.057
17500;-0.070;-0.035;0.112
17540;-0.312;0.007;0.125
17580;-0.382;0.081;0.037
17620;-0.163;0.092;0.006
17660;-0.085;0.062;0.061
17700;-0.300;-0.035;0.040
17740;-0.300;-0.029;0.036
17780;-0.166;0.082;0.035
17820;-0.087;0.123;0.032
17860;-0.196;0.087;0.010
17900;-0.279;0.036;0.002
17940;-0.181;-0.027;0.006
17960;-0.128;-0.027;0.008
18000;-0.111;-0.026;0.016
18040;-0.066;-0.002;0.001
18080;-0.010;0.003;-0.018
18120;-0.020;-0.023;-0.004
18160;-0.040;-0.036;0.001
18200;-0.011;-0.030;-0.007
18240;-0.002;-0.014;-0.011
18280;-0.005;0.002;0.001
18320;0.001;0.015;0.003
18360;0.010;0.024;0.004
18400;0.017;0.018;0.009
18440;0.033;0.007;0.012
18480;0.049;0.001;0.012
18520;0.064;-0.008;0.011
18560;0.047;-0.018;0.009
18600;0.034;-0.016;0.010
18640;0.052;-0.016;0.009
18680;0.042;-0.010;0.004
18720;0.020;-0.003;0.003
18760;0.016;0.001;0.000
18800;0.039;0.004;-0.002
18840;0.027;0.010;-0.004
18880;0.013;0.010;-0.005
18920;0.018;0.007;-0.007
18960;0.015;-0.001;-0.007
19000;0.009;-0.008;-0.007
19040;-0.010;-0.010;-0.009
19080;-0.013;0.002;-0.004
19120;0.009;-0.010;0.000
19160;-0.005;0.004;-0.002
19200;0.005;0.001;-0.004
19240;0.015;0.004;-0.004
19280;0.013;0.002;-0.006
19320;0.023;0.003;-0.003
19360;0.027;0.005;-0.003
19400;0.019;0.006;-0.004
19440;0.014;0.007;-0.005
19480;0.023;0.001;-0.004
19520;0.022;0.000;-0.003
19560;0.023;-0.004;-0.002
19600;0.017;-0.004;-0.003
19640;0.021;-0.005;-0.002
19680;0.048;-0.016;-0.002
19720;0.027;-0.021;-0.005
19740;0.022;-0.027;-0.008
19780;0.026;-0.031;-0.009
19820;0.026;-0.027;-0.004
19860;0.050;-0.034;0.001
19900;-0.002;-0.019;-0.004
19940;0.029;-0.021;-0.005
19980;0.031;-0.012;-0.004
20020;0.020;-0.022;-0.004
20060;0.005;-0.012;-0.003
20100;0.012;-0.009;-0.005
20140;-0.001;-0.012;-0.004
20180;0.000;-0.003;0.000
20220;-0.009;0.004;0.003
20260;-0.002;-0.001;-0.010
20300;-0.024;-0.004;-0.004
20340;0.001;-0.002;0.006
20380;-0.031;0.007;-0.002
20420;-0.062;0.042;0.000
20460;-0.277;0.115;0.002
